908139814779850756
908139814779850756
908140886386769925
908140886386769925
908141257888878596
908141257888878596
908141869963644932
908142409653125124
908177189534928900
908177816251977732
908178170066718724
908178406302519300
908178541359091716
908178541359091716
908178574259224583
908180439986315268
908328921158111236
908328921158111236
908329281801146372
908329281801146372
908330289449095172
908331141966520324
908331162967449604
908331162967449604
908331587816882181
908331617902632965
908331617902632965
908331891903877124
908331891903877124
908332022384529412
908332048498282500
908332048498282500
908332478145974276
908332503819341828
908332503819341828
908332743590903813
908332768916107268
908333343196028934
908333374779133958
908333374779133958
908333579037487109
908333604744437764
908333604744437764
908334041132347396
908334041132347396
908334263191384069
908334263191384069
908334371421212678
908334371421212678
908334497288073222
908334497288073222
908334623083696132
908334623083696132
908334754076004361
908334754076004361
908335201318785028
908335201318785028
908335283665604612
908335315017977860
908335315017977860
908335415966433284
908335434421428229
908335434421428229
908335722175889413
908335740643405830
908335967853060102
908336288687894532
908455705799266308
908455705799266308
908455832232316933
908455854856392708
908455854856392708
908456268448313350
908456298060148740
908456298060148740
908456517120282630
908456556215377926
908456556215377926
908456827695886340
908456861179027461
908456861179027461
908457122295373830
908457174275383300
908457174275383300
908457440156504070
908457480166019078
908457480166019078
908457671312977926
908457671312977926
908457735620055044
908457771452035077
908457771452035077
908458513571176452
908458535784210436
908458535784210436
908458564980703236
908458564980703236
908458973438906372
908458973438906372
908459128586166277
908459136769298436
908460055384743940
908460083750871044
908460083750871044
908460112053972997
908460112053972997
908460132232830980
908460298687930372
908460298687930372
908460320221487108
908460320221487108
908460348264603652
908460348264603652
908460363750002694
908462643522031620
908463017184161796
908465509506707461
908466488880836612
908466529221644293
908466774047363076
908467137412571140
908467181633105925
908467261098414084
908467261098414084
908467278685057033
908467291574165509
908467801853190149
908467863673098244
908467889476395013
908467930677088260
908467930677088260
908467976675962885
908467976675962885
908467999157432324
908468263130157060
908468312509698052
908468312509698052
908470377583714308
908470377583714308
908470447569764357
908471758394675204
908471820713693188
908471913848111110
908471932370251780
909189657321197572
909189657321197572
909190170573975556
909192708471885833
909193156880723972
909193156880723972
909193439060938758
909193439060938758
909194247819137028
909194509803716619
909194592549064708
909194592549064708
909194611612110852
909194687646507012
909194687646507012
909194714158596100
909194730612850693
909194785797410820
909194840537227270
909197788092731396
909209257593237508
909209257593237508
909209282914250756
909209302623248388
909215482351439876
909215482351439876
909215514978869252
909215514978869252
909215548931809284
909215548931809284
909215576836513796
909215576836513796
909218957852332037
909365213442531334
909425359229210629
909425359229210629
909425959228645380
909429943809044486
909429943809044486
909430208851316740
909430795047235588
909430795047235588
